161.4990234375
99.38401442307692
112.34714673913044
107.666015625
117.45383522727273
117.45383522727273
143.5546875
103.359375
95.703125
103.359375
117.45383522727273
99.38401442307692
123.046875
107.666015625
123.046875
95.703125
99.38401442307692
99.38401442307692
143.5546875
123.046875
123.046875
135.99917763157896
117.45383522727273
95.703125
143.5546875
143.5546875
103.359375
117.45383522727273
151.99908088235293
112.34714673913044
135.99917763157896
103.359375
92.28515625
129.19921875
117.45383522727273
95.703125
135.99917763157896
117.45383522727273
129.19921875
135.99917763157896
92.28515625
112.34714673913044
135.99917763157896
129.19921875
92.28515625
123.046875
135.99917763157896
117.45383522727273
129.19921875
112.34714673913044
123.046875
103.359375
117.45383522727273
112.34714673913044
135.99917763157896
123.046875
172.265625
135.99917763157896
129.19921875
123.046875
123.046875
129.19921875
